1	/data3/graph/graph500/rmat_s24_ef4_4300_2600.mtx	16777216	16777216	67101731
2	/data3/graph/graph500/rmat_s24_ef8_4300_2600.mtx	16777216	16777216	134188884
3	/data3/graph/graph500/rmat_s24_ef12_4300_2600.mtx	16777216	16777216	201261426
4	/data3/graph/graph500/rmat_s24_ef4_4500_2500.mtx	16777216	16777216	67096343
5	/data3/graph/graph500/rmat_s24_ef8_4500_2500.mtx	16777216	16777216	134167910
6	/data3/graph/graph500/rmat_s24_ef12_4500_2500.mtx	16777216	16777216	201214455
7	/data3/graph/graph500/rmat_s24_ef4_4700_2400.mtx	16777216	16777216	67085776
8	/data3/graph/graph500/rmat_s24_ef8_4700_2400.mtx	16777216	16777216	134126329
9	/data3/graph/graph500/rmat_s24_ef12_4700_2400.mtx	16777216	16777216	201121603
10	/data3/graph/graph500/rmat_s24_ef4_4900_2300.mtx	16777216	16777216	67063778
11	/data3/graph/graph500/rmat_s24_ef8_4900_2300.mtx	16777216	16777216	134040423
12	/data3/graph/graph500/rmat_s24_ef12_4900_2300.mtx	16777216	16777216	200932753
13	/data3/graph/graph500/rmat_s24_ef4_5100_2200.mtx	16777216	16777216	67016812
14	/data3/graph/graph500/rmat_s24_ef8_5100_2200.mtx	16777216	16777216	133862993
15	/data3/graph/graph500/rmat_s24_ef12_5100_2200.mtx	16777216	16777216	200552899
16	/data3/graph/graph500/rmat_s24_ef4_5300_2100.mtx	16777216	16777216	66918913
17	/data3/graph/graph500/rmat_s24_ef8_5300_2100.mtx	16777216	16777216	133512118
18	/data3/graph/graph500/rmat_s24_ef12_5300_2100.mtx	16777216	16777216	199826522
19	/data3/graph/graph500/rmat_s24_ef4_5500_2000.mtx	16777216	16777216	66722704
20	/data3/graph/graph500/rmat_s24_ef8_5500_2000.mtx	16777216	16777216	132856528
21	/data3/graph/graph500/rmat_s24_ef12_5500_2000.mtx	16777216	16777216	198523227
22	/data3/graph/graph500/rmat_s24_ef4_5700_1900.mtx	16777216	16777216	66359551
23	/data3/graph/graph500/rmat_s24_ef8_5700_1900.mtx	16777216	16777216	131716711
24	/data3/graph/graph500/rmat_s24_ef12_5700_1900.mtx	16777216	16777216	196348239
25	/data3/graph/graph500/rmat_s24_ef4_5900_1800.mtx	16777216	16777216	65733611
26	/data3/graph/graph500/rmat_s24_ef8_5900_1800.mtx	16777216	16777216	129887242
27	/data3/graph/graph500/rmat_s24_ef12_5900_1800.mtx	16777216	16777216	192987496
28	/data3/graph/graph500/rmat_s24_ef4_6100_1700.mtx	16777216	16777216	64737893
29	/data3/graph/graph500/rmat_s24_ef8_6100_1700.mtx	16777216	16777216	127143072
30	/data3/graph/graph500/rmat_s24_ef12_6100_1700.mtx	16777216	16777216	188121274
31	/data3/graph/graph500/rmat_s24_ef4_6300_1600.mtx	16777216	16777216	63254567
32	/data3/graph/graph500/rmat_s24_ef8_6300_1600.mtx	16777216	16777216	123289084
33	/data3/graph/graph500/rmat_s24_ef12_6300_1600.mtx	16777216	16777216	181506527
34	/data3/graph/graph500/rmat_s24_ef4_6500_1500.mtx	16777216	16777216	61178869
35	/data3/graph/graph500/rmat_s24_ef8_6500_1500.mtx	16777216	16777216	118170607
36	/data3/graph/graph500/rmat_s24_ef12_6500_1500.mtx	16777216	16777216	172957284
37	/data3/graph/graph500/rmat_s24_ef4_6700_1400.mtx	16777216	16777216	58438033
38	/data3/graph/graph500/rmat_s24_ef8_6700_1400.mtx	16777216	16777216	111714838
39	/data3/graph/graph500/rmat_s24_ef12_6700_1400.mtx	16777216	16777216	162450336
40	/data3/graph/graph500/rmat_s24_ef4_6900_1300.mtx	16777216	16777216	54997994
41	/data3/graph/graph500/rmat_s24_ef8_6900_1300.mtx	16777216	16777216	103937241
42	/data3/graph/graph500/rmat_s24_ef12_6900_1300.mtx	16777216	16777216	150085635
43	/data3/graph/graph500/rmat_s24_ef4_7100_1200.mtx	16777216	16777216	50876452
44	/data3/graph/graph500/rmat_s24_ef8_7100_1200.mtx	16777216	16777216	94967845
45	/data3/graph/graph500/rmat_s24_ef12_7100_1200.mtx	16777216	16777216	136111428
46	/data3/graph/graph500/rmat_s24_ef4_7300_1000.mtx	16777216	16777216	47410829
47	/data3/graph/graph500/rmat_s24_ef8_7300_1000.mtx	16777216	16777216	87753284
48	/data3/graph/graph500/rmat_s24_ef12_7300_1000.mtx	16777216	16777216	125268859
49	/data3/graph/graph500/rmat_s24_ef4_7500_900.mtx	16777216	16777216	42028945
50	/data3/graph/graph500/rmat_s24_ef8_7500_900.mtx	16777216	16777216	76686805
51	/data3/graph/graph500/rmat_s24_ef12_7500_900.mtx	16777216	16777216	108634307
52	/data3/graph/graph500/rmat_s24_ef4_7700_900.mtx	16777216	16777216	35332197
53	/data3/graph/graph500/rmat_s24_ef8_7700_900.mtx	16777216	16777216	63341599
54	/data3/graph/graph500/rmat_s24_ef12_7700_900.mtx	16777216	16777216	88695911
55	/data3/graph/graph500/rmat_s24_ef4_7900_800.mtx	16777216	16777216	29626389
56	/data3/graph/graph500/rmat_s24_ef8_7900_800.mtx	16777216	16777216	52321541
57	/data3/graph/graph500/rmat_s24_ef12_7900_800.mtx	16777216	16777216	72732046
58	/data3/graph/graph500/rmat_s24_ef4_8100_700.mtx	16777216	16777216	24000709
59	/data3/graph/graph500/rmat_s24_ef8_8100_700.mtx	16777216	16777216	41669827
60	/data3/graph/graph500/rmat_s24_ef12_8100_700.mtx	16777216	16777216	57516172
61	/data3/graph/graph500/rmat_s24_ef4_8300_600.mtx	16777216	16777216	18685659
62	/data3/graph/graph500/rmat_s24_ef8_8300_600.mtx	16777216	16777216	31758474
63	/data3/graph/graph500/rmat_s24_ef12_8300_600.mtx	16777216	16777216	43458187
64	/data3/graph/graph500/rmat_s24_ef4_8500_500.mtx	16777216	16777216	13878702
65	/data3/graph/graph500/rmat_s24_ef8_8500_500.mtx	16777216	16777216	22999271
66	/data3/graph/graph500/rmat_s24_ef12_8500_500.mtx	16777216	16777216	31049026
67	/data3/graph/graph500/rmat_s24_ef4_8700_400.mtx	16777216	16777216	9672065
68	/data3/graph/graph500/rmat_s24_ef8_8700_400.mtx	16777216	16777216	15698201
69	/data3/graph/graph500/rmat_s24_ef12_8700_400.mtx	16777216	16777216	20797415
70	/data3/graph/graph500/rmat_s24_ef4_8900_300.mtx	16777216	16777216	6095567
71	/data3/graph/graph500/rmat_s24_ef8_8900_300.mtx	16777216	16777216	9819374
72	/data3/graph/graph500/rmat_s24_ef12_8900_300.mtx	16777216	16777216	12845083
73	/data3/graph/graph500/rmat_s24_ef4_9100_200.mtx	16777216	16777216	3268641
74	/data3/graph/graph500/rmat_s24_ef8_9100_200.mtx	16777216	16777216	5209791
75	/data3/graph/graph500/rmat_s24_ef12_9100_200.mtx	16777216	16777216	6790484
76	/data3/graph/graph500/rmat_s24_ef4_3500_1500.mtx	16777216	16777216	67095468
77	/data3/graph/graph500/rmat_s24_ef8_3500_1500.mtx	16777216	16777216	134189810
78	/data3/graph/graph500/rmat_s24_ef12_3500_1500.mtx	16777216	16777216	201283106
79	/data3/graph/graph500/rmat_s24_ef4_3600_1400.mtx	16777216	16777216	67082544
80	/data3/graph/graph500/rmat_s24_ef8_3600_1400.mtx	16777216	16777216	134163086
81	/data3/graph/graph500/rmat_s24_ef12_3600_1400.mtx	16777216	16777216	201241072
82	/data3/graph/graph500/rmat_s24_ef4_3700_1300.mtx	16777216	16777216	67058005
83	/data3/graph/graph500/rmat_s24_ef8_3700_1300.mtx	16777216	16777216	134111583
84	/data3/graph/graph500/rmat_s24_ef12_3700_1300.mtx	16777216	16777216	201160264
85	/data3/graph/graph500/rmat_s24_ef4_3800_1200.mtx	16777216	16777216	67011566
86	/data3/graph/graph500/rmat_s24_ef8_3800_1200.mtx	16777216	16777216	134014565
87	/data3/graph/graph500/rmat_s24_ef12_3800_1200.mtx	16777216	16777216	201007734
88	/data3/graph/graph500/rmat_s24_ef4_3900_1100.mtx	16777216	16777216	66926684
89	/data3/graph/graph500/rmat_s24_ef8_3900_1100.mtx	16777216	16777216	133835295
90	/data3/graph/graph500/rmat_s24_ef12_3900_1100.mtx	16777216	16777216	200723600
91	/data3/graph/graph500/rmat_s24_ef4_4000_1000.mtx	16777216	16777216	66772050
92	/data3/graph/graph500/rmat_s24_ef8_4000_1000.mtx	16777216	16777216	133505170
93	/data3/graph/graph500/rmat_s24_ef12_4000_1000.mtx	16777216	16777216	200198616
94	/data3/graph/graph500/rmat_s24_ef4_4100_900.mtx	16777216	16777216	66494577
95	/data3/graph/graph500/rmat_s24_ef8_4100_900.mtx	16777216	16777216	132908162
96	/data3/graph/graph500/rmat_s24_ef12_4100_900.mtx	16777216	16777216	199239394
97	/data3/graph/graph500/rmat_s24_ef4_4200_800.mtx	16777216	16777216	66002507
98	/data3/graph/graph500/rmat_s24_ef8_4200_800.mtx	16777216	16777216	131839894
99	/data3/graph/graph500/rmat_s24_ef12_4200_800.mtx	16777216	16777216	197511412
100	/data3/graph/graph500/rmat_s24_ef4_4300_700.mtx	16777216	16777216	65144310
101	/data3/graph/graph500/rmat_s24_ef8_4300_700.mtx	16777216	16777216	129960257
102	/data3/graph/graph500/rmat_s24_ef12_4300_700.mtx	16777216	16777216	194453649
103	/data3/graph/graph500/rmat_s24_ef4_4400_600.mtx	16777216	16777216	63670917
104	/data3/graph/graph500/rmat_s24_ef8_4400_600.mtx	16777216	16777216	126721086
105	/data3/graph/graph500/rmat_s24_ef12_4400_600.mtx	16777216	16777216	189170794
106	/data3/graph/graph500/rmat_s24_ef4_4500_500.mtx	16777216	16777216	61184919
107	/data3/graph/graph500/rmat_s24_ef8_4500_500.mtx	16777216	16777216	121268435
108	/data3/graph/graph500/rmat_s24_ef12_4500_500.mtx	16777216	16777216	180311896